21
22
23
25
53
80
82
83
84
85
86
87
88
89
90
91
92
98
99
110
143
443
445
465
587
801
808
888
889
993
1000
1010
1022
1082
1099
1118
1433
1888
2100
2222
2375
2379
3000
3008
3128
3306
5432
5555
5672
6379
6868
7000
7001
7002
7007
7008
7070
7071
7078
7080
7088
7200
7680
7687
7777
7890
8000
8001
8002
8004
8008
8009
8010
8011
8012
8016
8018
8030
8038
8042
8044
8053
8060
8069
8070
8080
8081
8082
8083
8085
8086
8087
8088
8089
8090
8091
8092
8093
8094
8095
8096
8097
8099
8100
8101
8108
8118
8161
8172
8180
8181
8200
8222
8244
8258
8288
8300
8443
8448
8800
8834
8838
8858
8880
8879
8881
8888
8899
9000
9001
9010
9043
9060
9081
9083
9084
9085
9088
9090
9091
9092
9093
9094
9095
9097
9098
9099
9100
9200
9443
9800
9981
9988
9998
9999
10000
10001
10002
10008
10010
10250
11211
12443
14000
15672
16080
18001
18002
18004
18008
18080
18082
18088
18090
20000
20720
20880
21501
21502
27017
28018